bn_nodes:
- 0.0.0.0:30000, 75211863902660488644513317874705971072722637843911804495788030388502762595925.58902951637691961665779651832463607308227561075560739957531602486673419499018.secp256k1
- 0.0.0.0:30001, 1316263866737008354960705588765104245764531670699469881042641953439762529113.10483062017700406778647644126262425933629982723161454452941004446964671458390.secp256k1
byzantine: 0
altruistic: true
host: 0.0.0.0
id: 10000
log_level: 1
port: 10000
private_key: 97459917349751231875785385845657986285584498563374406341153595427274026473672
